[
	7.274606704711914,
	1066.8172607421875,
	-0.36364954710006714],
[
	7.328051567077637,
	1066.7852783203125,
	-0.36416664719581604],
[
	7.381653785705566,
	1066.7540283203125,
	-0.3655663728713989],
[
	7.447841644287109,
	1066.7154541015625,
	-0.367777943611145],
[
	7.503127098083496,
	1066.683349609375,
	-0.3686699867248535],
[
	7.563716888427734,
	1066.6483154296875,
	-0.36771196126937866],
[
	7.621635437011719,
	1066.6148681640625,
	-0.36671343445777893],
[
	7.67839241027832,
	1066.58203125,
	-0.36644867062568665],
[
	7.747804641723633,
	1066.541748046875,
	-0.36667606234550476],
[
	7.829135894775391,
	1066.494873046875,
	-0.366977334022522],
[
	7.890179634094238,
	1066.4595947265625,
	-0.36712759733200073],
[
	7.944830894470215,
	1066.427978515625,
	-0.367260217666626],
[
	7.999124526977539,
	1066.396484375,
	-0.36742502450942993],
[
	8.057680130004883,
	1066.36279296875,
	-0.3676423132419586],
[
	8.119466781616211,
	1066.326904296875,
	-0.3678978979587555],
[
	8.173664093017578,
	1066.2955322265625,
	-0.36812540888786316],
[
	8.229493141174316,
	1066.2633056640625,
	-0.36835768818855286],
[
	8.289494514465332,
	1066.228759765625,
	-0.3686060309410095],
[
	8.352068901062012,
	1066.192626953125,
	-0.3688644468784332],
[
	8.405770301818848,
	1066.16162109375,
	-0.36907875537872314],
[
	8.464804649353027,
	1066.1275634765625,
	-0.36931419372558594],
[
	8.527265548706055,
	1066.09130859375,
	-0.36956700682640076],
[
	8.5922212600708,
	1066.0535888671875,
	-0.3698332905769348],
[
	8.645681381225586,
	1066.022705078125,
	-0.3700539469718933],
[
	8.702919960021973,
	1065.989501953125,
	-0.3703135550022125],
[
	8.75778865814209,
	1065.957763671875,
	-0.3706257939338684],
[
	8.82249927520752,
	1065.9202880859375,
	-0.3711071014404297],
[
	8.879140853881836,
	1065.8875732421875,
	-0.3716561794281006],
[
	8.941991806030273,
	1065.8511962890625,
	-0.37224361300468445],
[
	9.004244804382324,
	1065.8145751953125,
	-0.37181320786476135],
[
	9.076239585876465,
	1065.77392578125,
	-0.3723737597465515],
[
	9.138396263122559,
	1065.73828125,
	-0.3728471100330353],
[
	9.204142570495605,
	1065.700439453125,
	-0.37313422560691833],
[
	9.282291412353516,
	1065.6553955078125,
	-0.37334463000297546],
[
	9.334349632263184,
	1065.62548828125,
	-0.3734966814517975],
[
	9.421026229858398,
	1065.5755615234375,
	-0.37382733821868896],
[
	9.541454315185547,
	1065.5040283203125,
	-0.3722689151763916],
[
	9.602388381958008,
	1065.468994140625,
	-0.3712703585624695],
[
	9.673234939575195,
	1065.4342041015625,
	-0.3726254999637604],
[
	9.760660171508789,
	1065.3946533203125,
	-0.3745647966861725],
[
	9.819408416748047,
	1065.3687744140625,
	-0.37486931681632996],
[
	9.889759063720703,
	1065.339111328125,
	-0.3749592900276184],
[
	9.98810863494873,
	1065.296630859375,
	-0.37536582350730896],
[
	10.045914649963379,
	1065.269287109375,
	-0.3755172789096832],
[
	10.117700576782227,
	1065.2357177734375,
	-0.37559717893600464],
[
	10.186151504516602,
	1065.204345703125,
	-0.3756498694419861],
[
	10.245706558227539,
	1065.177490234375,
	-0.37571462988853455],
[
	10.316017150878906,
	1065.1455078125,
	-0.37589532136917114],
[
	10.405693054199219,
	1065.1048583984375,
	-0.3763909935951233],
[
	10.470596313476562,
	1065.0753173828125,
	-0.3769446909427643],
[
	10.528414726257324,
	1065.049072265625,
	-0.377567321062088],
[
	10.59460735321045,
	1065.01904296875,
	-0.37805336713790894],
[
	10.661859512329102,
	1064.988525390625,
	-0.3778822422027588],
[
	10.718606948852539,
	1064.9627685546875,
	-0.37749168276786804],
[
	10.809213638305664,
	1064.9215087890625,
	-0.3770941495895386],
[
	10.879629135131836,
	1064.8878173828125,
	-0.37560322880744934],
[
	10.944130897521973,
	1064.857421875,
	-0.37409526109695435],
[
	11.013490676879883,
	1064.830322265625,
	-0.37548354268074036],
[
	11.072275161743164,
	1064.807861328125,
	-0.3773176670074463],
[
	11.134202003479004,
	1064.7816162109375,
	-0.3782690167427063],
[
	11.196667671203613,
	1064.75439453125,
	-0.3783285915851593],
[
	11.267011642456055,
	1064.723876953125,
	-0.37804117798805237],
[
	11.327621459960938,
	1064.697998046875,
	-0.3779180645942688],
[
	11.38983154296875,
	1064.671142578125,
	-0.3774942457675934],
[
	11.453961372375488,
	1064.6419677734375,
	-0.3755229413509369],
[
	11.514494895935059,
	1064.6195068359375,
	-0.3764294981956482],
[
	11.583185195922852,
	1064.593505859375,
	-0.37830790877342224],
[
	11.668481826782227,
	1064.558349609375,
	-0.3787834346294403],
[
	11.72883415222168,
	1064.533447265625,
	-0.37852707505226135],
[
	11.798822402954102,
	1064.5048828125,
	-0.3784865736961365],
[
	11.899267196655273,
	1064.4638671875,
	-0.37907713651657104],
[
	11.963134765625,
	1064.43798828125,
	-0.3795844316482544],
[
	12.020448684692383,
	1064.41455078125,
	-0.3797333240509033],
[
	12.119714736938477,
	1064.3741455078125,
	-0.3794395327568054],
[
	12.190872192382812,
	1064.34521484375,
	-0.3792802095413208],
[
	12.250585556030273,
	1064.321044921875,
	-0.37946802377700806],
[
	12.319326400756836,
	1064.2928466796875,
	-0.3800429105758667],
[
	12.402481079101562,
	1064.259033203125,
	-0.38104531168937683],
[
	12.464925765991211,
	1064.2335205078125,
	-0.3818686902523041],
[
	12.565799713134766,
	1064.1923828125,
	-0.382358193397522],
[
	12.623788833618164,
	1064.1685791015625,
	-0.3819759488105774],
[
	12.75511360168457,
	1064.1151123046875,
	-0.38097721338272095],
[
	12.822694778442383,
	1064.0875244140625,
	-0.3810823857784271],
[
	12.884443283081055,
	1064.0625,
	-0.38147222995758057],
[
	12.940254211425781,
	1064.039794921875,
	-0.3819306492805481],
[
	13.004241943359375,
	1064.013916015625,
	-0.3824822008609772],
[
	13.088943481445312,
	1063.9794921875,
	-0.38314592838287354],
[
	13.160255432128906,
	1063.9505615234375,
	-0.38363710045814514],
[
	13.219701766967773,
	1063.9263916015625,
	-0.3840184509754181],
[
	13.277978897094727,
	1063.9027099609375,
	-0.3843865394592285],
[
	13.339900970458984,
	1063.8775634765625,
	-0.38478535413742065],
[
	13.456111907958984,
	1063.830322265625,
	-0.3855733573436737],
[
	13.527633666992188,
	1063.801513671875,
	-0.3860794007778168],
[
	13.589696884155273,
	1063.7763671875,
	-0.3865260183811188],
[
	13.679555892944336,
	1063.7398681640625,
	-0.3871781826019287],
[
	13.741813659667969,
	1063.714599609375,
	-0.38762956857681274],
[
	13.82411003112793,
	1063.6812744140625,
	-0.3882235288619995],
[
	13.896223068237305,
	1063.6519775390625,
	-0.3887411952018738],
[
	13.956491470336914,
	1063.6275634765625,
	-0.3891727924346924],
[
	14.014814376831055,
	1063.603759765625,
	-0.38959187269210815],
[
	14.07575798034668,
	1063.5791015625,
	-0.3900326192378998],
[
	14.189886093139648,
	1063.5328369140625,
	-0.3908523917198181],
[
	14.259515762329102,
	1063.5045166015625,
	-0.3913472890853882],
[
	14.320356369018555,
	1063.479736328125,
	-0.3917787969112396],
[
	14.37884521484375,
	1063.4560546875,
	-0.3921959400177002],
[
	14.438995361328125,
	1063.431640625,
	-0.3926311135292053],
[
	14.54958724975586,
	1063.38671875,
	-0.39329931139945984],
[
	14.617368698120117,
	1063.3592529296875,
	-0.3936501741409302],
[
	14.678543090820312,
	1063.33447265625,
	-0.39396703243255615],
[
	14.735273361206055,
	1063.31201171875,
	-0.3934797942638397],
[
	14.811941146850586,
	1063.28271484375,
	-0.3918057978153229],
[
	14.903324127197266,
	1063.243896484375,
	-0.3917049765586853],
[
	14.976591110229492,
	1063.207763671875,
	-0.3934996426105499],
[
	15.037303924560547,
	1063.1756591796875,
	-0.39500048756599426],
[
	15.097951889038086,
	1063.142333984375,
	-0.3958570957183838],
[
	15.157354354858398,
	1063.109130859375,
	-0.3961355984210968],
[
	15.224653244018555,
	1063.069580078125,
	-0.39639464020729065],
[
	15.28179931640625,
	1063.03515625,
	-0.3967934250831604],
[
	15.344642639160156,
	1062.9998779296875,
	-0.3972483277320862],
[
	15.417472839355469,
	1062.9605712890625,
	-0.3977072536945343],
[
	15.484174728393555,
	1062.924560546875,
	-0.3981117606163025],
[
	15.545965194702148,
	1062.8909912109375,
	-0.3984735310077667],
[
	15.660511016845703,
	1062.827880859375,
	-0.39912882447242737],
[
	15.72787857055664,
	1062.7908935546875,
	-0.39951425790786743],
[
	15.788288116455078,
	1062.757568359375,
	-0.39986422657966614],
[
	15.850215911865234,
	1062.7236328125,
	-0.40021711587905884],
[
	15.909515380859375,
	1062.6927490234375,
	-0.3987976908683777],
[
	15.966264724731445,
	1062.66162109375,
	-0.3979083001613617],
[
	16.02530288696289,
	1062.6240234375,
	-0.39939162135124207],
[
	16.09048080444336,
	1062.580078125,
	-0.4013245105743408],
[
	16.152494430541992,
	1062.5374755859375,
	-0.40180346369743347],
[
	16.205751419067383,
	1062.4996337890625,
	-0.40178102254867554],
[
	16.282142639160156,
	1062.4422607421875,
	-0.4021803140640259],
[
	16.342851638793945,
	1062.4007568359375,
	-0.40253767371177673],
[
	16.39723014831543,
	1062.364990234375,
	-0.4020557403564453],
[
	16.455703735351562,
	1062.32568359375,
	-0.4004194438457489],
[
	16.50534439086914,
	1062.2861328125,
	-0.4020261764526367],
[
	16.561487197875977,
	1062.240234375,
	-0.40330708026885986],
[
	16.62091636657715,
	1062.19091796875,
	-0.4035288989543915],
[
	16.684202194213867,
	1062.1353759765625,
	-0.40420079231262207],
[
	16.736249923706055,
	1062.09375,
	-0.4047147035598755],
[
	16.79377555847168,
	1062.04833984375,
	-0.4050980806350708],
[
	16.855697631835938,
	1061.9998779296875,
	-0.4044119119644165],
[
	16.91449546813965,
	1061.9490966796875,
	-0.40598011016845703],
[
	16.963794708251953,
	1061.9029541015625,
	-0.4070371389389038],
[
	17.051353454589844,
	1061.8187255859375,
	-0.40681466460227966],
[
	17.097843170166016,
	1061.779052734375,
	-0.4061099886894226],
[
	17.183460235595703,
	1061.6976318359375,
	-0.4066000282764435],
[
	17.23268699645996,
	1061.6458740234375,
	-0.4072623550891876],
[
	17.28365135192871,
	1061.5909423828125,
	-0.4070132076740265],
[
	17.33014678955078,
	1061.5400390625,
	-0.4064629375934601],
[
	17.37204360961914,
	1061.495361328125,
	-0.4066147804260254],
[
	17.415748596191406,
	1061.4432373046875,
	-0.4073832035064697],
[
	17.454389572143555,
	1061.396240234375,
	-0.4072733521461487],
[
	17.49406623840332,
	1061.345703125,
	-0.407399445772171],
[
	17.538122177124023,
	1061.29443359375,
	-0.4068650007247925],
[
	17.576581954956055,
	1061.2435302734375,
	-0.4075644612312317],
[
	17.615562438964844,
	1061.189697265625,
	-0.4075051248073578],
[
	17.6533203125,
	1061.1416015625,
	-0.4070512056350708],
[
	17.690656661987305,
	1061.0936279296875,
	-0.40782326459884644],
[
	17.73016357421875,
	1061.0418701171875,
	-0.40726238489151],
[
	17.768596649169922,
	1060.98583984375,
	-0.4077993631362915],
[
	17.804737091064453,
	1060.9322509765625,
	-0.40826377272605896],
[
	17.839662551879883,
	1060.87841796875,
	-0.4080082178115845],
[
	17.885669708251953,
	1060.8143310546875,
	-0.40786290168762207],
[
	17.92347526550293,
	1060.76025390625,
	-0.40699389576911926],
[
	17.956478118896484,
	1060.708984375,
	-0.40926393866539],
[
	17.99750518798828,
	1060.6505126953125,
	-0.4098924696445465],
[
	18.03676986694336,
	1060.5946044921875,
	-0.4076460599899292],
[
	18.06936264038086,
	1060.5399169921875,
	-0.4081851840019226],
[
	18.10487174987793,
	1060.478271484375,
	-0.40862518548965454],
[
	18.139904022216797,
	1060.415771484375,
	-0.40840965509414673],
[
	18.159238815307617,
	1060.3548583984375,
	-0.4084608852863312],
[
	18.20484733581543,
	1060.296875,
	-0.40871700644493103],
[
	18.241544723510742,
	1060.235595703125,
	-0.40876317024230957],
[
	18.273923873901367,
	1060.180419921875,
	-0.40874990820884705],
[
	18.304874420166016,
	1060.12744140625,
	-0.40846776962280273],
[
	18.336082458496094,
	1060.0750732421875,
	-0.4068375825881958],
[
	18.363561630249023,
	1060.01953125,
	-0.4083699882030487],
[
	18.391199111938477,
	1059.962158203125,
	-0.4090234339237213],
[
	18.417142868041992,
	1059.906982421875,
	-0.4088166654109955],
[
	18.444278717041016,
	1059.8472900390625,
	-0.4090427756309509],
[
	18.47276496887207,
	1059.7930908203125,
	-0.4085102677345276],
[
	18.49921417236328,
	1059.73876953125,
	-0.4081118702888489],
[
	18.52371597290039,
	1059.679931640625,
	-0.4091757535934448],
[
	18.548404693603516,
	1059.6195068359375,
	-0.4087696671485901],
[
	18.569232940673828,
	1059.5594482421875,
	-0.4088788628578186],
[
	18.598365783691406,
	1059.5030517578125,
	-0.40878891944885254],
[
	18.623857498168945,
	1059.4473876953125,
	-0.40756723284721375],
[
	18.64627456665039,
	1059.3897705078125,
	-0.4088769555091858],
[
	18.664222717285156,
	1059.33203125,
	-0.4091043174266815],
[
	18.688190460205078,
	1059.271240234375,
	-0.4084241986274719],
[
	18.718076705932617,
	1059.1932373046875,
	-0.4082954227924347],
[
	18.742652893066406,
	1059.1317138671875,
	-0.40660518407821655],
[
	18.75760269165039,
	1059.073486328125,
	-0.4077892303466797],
[
	18.780141830444336,
	1059.010009765625,
	-0.40770387649536133],
[
	18.80492401123047,
	1058.941650390625,
	-0.4075794816017151],
[
	18.827219009399414,
	1058.8798828125,
	-0.4062608778476715],
[
	18.846134185791016,
	1058.8125,
	-0.4074965715408325],
[
	18.86993408203125,
	1058.7431640625,
	-0.4072200655937195],
[
	18.891929626464844,
	1058.677001953125,
	-0.4079628884792328],
[
	18.913206100463867,
	1058.613037109375,
	-0.4085361957550049],
[
	18.930252075195312,
	1058.548583984375,
	-0.40769022703170776],
[
	18.95549774169922,
	1058.48583984375,
	-0.4070746898651123],
[
	18.975675582885742,
	1058.4256591796875,
	-0.406802237033844],
[
	18.99651336669922,
	1058.3673095703125,
	-0.40458768606185913],
[
	19.005512237548828,
	1058.304443359375,
	-0.4054814279079437],
[
	19.030271530151367,
	1058.2352294921875,
	-0.4062049388885498],
[
	19.048341751098633,
	1058.1761474609375,
	-0.40585482120513916],
[
	19.068498611450195,
	1058.110595703125,
	-0.405669629573822],
[
	19.087665557861328,
	1058.0479736328125,
	-0.4040974974632263],
[
	19.10133171081543,
	1057.9853515625,
	-0.40548139810562134],
[
	19.120241165161133,
	1057.9117431640625,
	-0.4053337574005127],
[
	19.139860153198242,
	1057.8443603515625,
	-0.4041304886341095],
[
	19.153051376342773,
	1057.78564453125,
	-0.4047674536705017],
[
	19.164527893066406,
	1057.726318359375,
	-0.40490829944610596],
[
	19.17924690246582,
	1057.66162109375,
	-0.4047849178314209],
[
	19.193845748901367,
	1057.5989990234375,
	-0.4040617048740387],
[
	19.20478630065918,
	1057.53759765625,
	-0.40455371141433716],
[
	19.21939468383789,
	1057.4732666015625,
	-0.4043145775794983],
[
	19.23292350769043,
	1057.4140625,
	-0.403513103723526],
[
	19.24467658996582,
	1057.3486328125,
	-0.40466398000717163],
[
	19.25654411315918,
	1057.2750244140625,
	-0.4041105806827545],
[
	19.270301818847656,
	1057.2071533203125,
	-0.40374764800071716],
[
	19.28206443786621,
	1057.146484375,
	-0.4035148024559021],
[
	19.294431686401367,
	1057.081787109375,
	-0.4030173718929291],
[
	19.306257247924805,
	1057.02001953125,
	-0.4036394953727722],
[
	19.31986427307129,
	1056.9490966796875,
	-0.40434035658836365],
[
	19.332658767700195,
	1056.88232421875,
	-0.40404340624809265],
[
	19.345674514770508,
	1056.82177734375,
	-0.4013378322124481],
[
	19.35527229309082,
	1056.7518310546875,
	-0.40188273787498474],
[
	19.36555290222168,
	1056.6597900390625,
	-0.40249815583229065],
[
	19.37871551513672,
	1056.5819091796875,
	-0.4019814431667328],
[
	19.39008331298828,
	1056.511474609375,
	-0.40178951621055603],
[
	19.40239715576172,
	1056.4329833984375,
	-0.401644229888916],
[
	19.414064407348633,
	1056.3585205078125,
	-0.40146780014038086],
[
	19.425077438354492,
	1056.2945556640625,
	-0.40006405115127563],
[
	19.43275260925293,
	1056.2255859375,
	-0.4003601372241974],
[
	19.438955307006836,
	1056.1611328125,
	-0.4013407230377197],
[
	19.449399948120117,
	1056.100830078125,
	-0.4009064733982086],
[
	19.457420349121094,
	1056.040283203125,
	-0.39949798583984375],
[
	19.46510124206543,
	1055.97314453125,
	-0.40025633573532104],
[
	19.47010040283203,
	1055.9075927734375,
	-0.400538831949234],
[
	19.477882385253906,
	1055.8470458984375,
	-0.4002198874950409],
[
	19.48544692993164,
	1055.78271484375,
	-0.4001109302043915],
[
	19.493019104003906,
	1055.71728515625,
	-0.3999319076538086],
[
	19.500324249267578,
	1055.6544189453125,
	-0.39975324273109436],
[
	19.508039474487305,
	1055.5880126953125,
	-0.39975959062576294],
[
	19.515661239624023,
	1055.5224609375,
	-0.4000239670276642],
[
	19.523590087890625,
	1055.454345703125,
	-0.39962661266326904],
[
	19.530582427978516,
	1055.3941650390625,
	-0.39927878975868225],
[
	19.53944206237793,
	1055.32421875,
	-0.39811813831329346],
[
	19.54572868347168,
	1055.2529296875,
	-0.39781272411346436],
[
	19.548744201660156,
	1055.1859130859375,
	-0.398870050907135],
[
	19.55589485168457,
	1055.11767578125,
	-0.39844614267349243],
[
	19.561750411987305,
	1055.056884765625,
	-0.39828264713287354],
[
	19.56775665283203,
	1054.9920654296875,
	-0.3981853425502777],
[
	19.573591232299805,
	1054.92919921875,
	-0.3980183005332947],
[
	19.57966423034668,
	1054.864013671875,
	-0.3978452682495117],
[
	19.5858097076416,
	1054.800537109375,
	-0.3962671756744385],
[
	19.58733558654785,
	1054.7392578125,
	-0.39751821756362915],
[
	19.589658737182617,
	1054.67919921875,
	-0.39727774262428284],
