[
	7.2991485595703125,
	1067.265380859375,
	-0.3650558888912201],
[
	7.399936676025391,
	1067.2110595703125,
	-0.36858683824539185],
[
	7.479909896850586,
	1067.166259765625,
	-0.3702962398529053],
[
	7.594719886779785,
	1067.1024169921875,
	-0.37125861644744873],
[
	7.715420722961426,
	1067.03515625,
	-0.3709977865219116],
[
	7.894974708557129,
	1066.935302734375,
	-0.36904177069664],
[
	7.991490364074707,
	1066.881591796875,
	-0.369158536195755],
[
	8.088935852050781,
	1066.827392578125,
	-0.3695876896381378],
[
	8.267195701599121,
	1066.72802734375,
	-0.37023913860321045],
[
	8.4385347366333,
	1066.632568359375,
	-0.3710118532180786],
[
	8.616935729980469,
	1066.533447265625,
	-0.3728101849555969],
[
	8.80229663848877,
	1066.430419921875,
	-0.37551623582839966],
[
	9.0255126953125,
	1066.30615234375,
	-0.37782222032546997],
[
	9.275720596313477,
	1066.167236328125,
	-0.3771878480911255],
[
	9.483153343200684,
	1066.05078125,
	-0.37492936849594116],
[
	9.731775283813477,
	1065.908203125,
	-0.3774508237838745],
[
	10.003202438354492,
	1065.75390625,
	-0.37788230180740356],
[
	10.243288040161133,
	1065.6170654296875,
	-0.3777199685573578],
[
	10.487358093261719,
	1065.478271484375,
	-0.3777651786804199],
[
	10.525592803955078,
	1065.25634765625,
	-0.3780708611011505],
[
	10.878150939941406,
	1065.25634765625,
	-0.3780708611011505],
[
	11.120779991149902,
	1065.1185302734375,
	-0.37891003489494324],
[
	11.346982955932617,
	1064.989990234375,
	-0.3794231116771698],
[
	11.596006393432617,
	1064.84814453125,
	-0.38024574518203735],
[
	11.83442497253418,
	1064.7122802734375,
	-0.38223323225975037],
[
	11.83442497253418,
	1064.5421142578125,
	-0.382255882024765],
[
	12.1324462890625,
	1064.5421142578125,
	-0.382255882024765],
[
	12.419837951660156,
	1064.3779296875,
	-0.3816815912723541],
[
	12.75235366821289,
	1064.18798828125,
	-0.3802964389324188],
[
	13.076353073120117,
	1064.00341796875,
	-0.38201043009757996],
[
	13.076353073120117,
	1063.8963623046875,
	-0.38376161456108093],
[
	13.264047622680664,
	1063.8963623046875,
	-0.38376161456108093],
[
	13.680208206176758,
	1063.659423828125,
	-0.38706091046333313],
[
	13.680208206176758,
	1063.49072265625,
	-0.38924044370651245],
[
	13.976394653320312,
	1063.49072265625,
	-0.38924044370651245],
[
	14.274679183959961,
	1063.32080078125,
	-0.391152560710907],
[
	14.558511734008789,
	1063.1595458984375,
	-0.39315342903137207],
[
	14.886428833007812,
	1062.9730224609375,
	-0.39774879813194275],
[
	15.231988906860352,
	1062.776123046875,
	-0.39934059977531433],
[
	15.231988906860352,
	1062.577880859375,
	-0.39990368485450745],
[
	15.57948112487793,
	1062.577880859375,
	-0.39990368485450745],
[
	15.935491561889648,
	1062.3748779296875,
	-0.39733216166496277],
[
	16.273700714111328,
	1062.182373046875,
	-0.3997421860694885],
[
	16.60395050048828,
	1061.9942626953125,
	-0.4035801589488983],
[
	16.60395050048828,
	1061.8028564453125,
	-0.4049123227596283],
[
	16.939990997314453,
	1061.8028564453125,
	-0.4049123227596283],
[
	17.21883773803711,
	1061.644287109375,
	-0.4061490297317505],
[
	17.54606819152832,
	1061.4583740234375,
	-0.40785330533981323],
[
	17.87349510192871,
	1061.272216796875,
	-0.4091641306877136],
[
	18.189476013183594,
	1061.0926513671875,
	-0.41015639901161194],
[
	18.48679542541504,
	1060.923828125,
	-0.41120243072509766],
[
	18.790555953979492,
	1060.75146484375,
	-0.4135185480117798],
[
	19.091983795166016,
	1060.5799560546875,
	-0.41470029950141907],
[
	19.091983795166016,
	1060.4398193359375,
	-0.41548076272010803],
[
	19.338977813720703,
	1060.4398193359375,
	-0.41548076272010803],
[
	19.61744499206543,
	1060.281982421875,
	-0.41637665033340454],
[
	19.896684646606445,
	1060.123779296875,
	-0.41689231991767883],
[
	20.17678451538086,
	1059.9647216796875,
	-0.41762977838516235],
[
	20.45926856994629,
	1059.8043212890625,
	-0.41841351985931396],
[
	20.707956314086914,
	1059.6632080078125,
	-0.41892942786216736],
[
	20.969690322875977,
	1059.5142822265625,
	-0.4197119474411011],
[
	21.219633102416992,
	1059.371826171875,
	-0.42055821418762207],
[
	21.476778030395508,
	1059.2252197265625,
	-0.4213225245475769],
[
	21.71770668029785,
	1059.088623046875,
	-0.4221253991127014],
[
	22.083303451538086,
	1058.8812255859375,
	-0.424672931432724],
[
	22.316688537597656,
	1058.7490234375,
	-0.4262333810329437],
[
	22.55829620361328,
	1058.612060546875,
	-0.42736780643463135],
[
	22.782447814941406,
	1058.4852294921875,
	-0.4283446669578552],
[
	22.976367950439453,
	1058.37548828125,
	-0.42927151918411255],
[
	23.21327781677246,
	1058.24072265625,
	-0.42907941341400146],
[
	23.409576416015625,
	1058.1285400390625,
	-0.4276692569255829],
[
	23.633956909179688,
	1058.0006103515625,
	-0.4265647530555725],
[
	23.835710525512695,
	1057.8857421875,
	-0.426719069480896],
[
	24.042375564575195,
	1057.768310546875,
	-0.42780494689941406],
[
	24.26390266418457,
	1057.642578125,
	-0.4284901022911072],
[
	24.454975128173828,
	1057.533935546875,
	-0.42903000116348267],
[
	24.663097381591797,
	1057.415771484375,
	-0.43004682660102844],
[
	24.82432746887207,
	1057.324462890625,
	-0.43086904287338257],
[
	25.105459213256836,
	1057.164794921875,
	-0.432009756565094],
[
	25.287195205688477,
	1057.061767578125,
	-0.4326843023300171],
[
	25.472000122070312,
	1056.956787109375,
	-0.4325421452522278],
[
	25.654565811157227,
	1056.85302734375,
	-0.43234479427337646],
[
	25.839380264282227,
	1056.748046875,
	-0.432569682598114],
[
	25.839380264282227,
	1056.6522216796875,
	-0.43328943848609924],
[
	26.007993698120117,
	1056.6522216796875,
	-0.43328943848609924],
[
	26.208099365234375,
	1056.5384521484375,
	-0.4332680106163025],
[
	26.401329040527344,
	1056.4288330078125,
	-0.4326493442058563],
[
	26.600208282470703,
	1056.315673828125,
	-0.43250876665115356],
[
	26.80206298828125,
	1056.200927734375,
	-0.43230462074279785],
[
	26.998924255371094,
	1056.089111328125,
	-0.4318625330924988],
[
	27.17166519165039,
	1055.993408203125,
	-0.42814216017723083],
[
	27.328449249267578,
	1055.8914794921875,
	-0.43093007802963257],
[
	27.57943344116211,
	1055.704833984375,
	-0.43172597885131836],
[
	27.739500045776367,
	1055.578125,
	-0.4294790029525757],
[
	27.739500045776367,
	1055.45849609375,
	-0.43010079860687256],
[
	27.871065139770508,
	1055.45849609375,
	-0.43010079860687256],
[
	28.00217628479004,
	1055.3272705078125,
	-0.43057358264923096],
[
	28.137754440307617,
	1055.199462890625,
	-0.42775294184684753],
[
	28.24290657043457,
	1055.08935546875,
	-0.4281552731990814],
[
	28.340702056884766,
	1054.974853515625,
	-0.430215448141098],
[
	28.441909790039062,
	1054.866943359375,
	-0.4296628534793854],
[
	28.536624908447266,
	1054.768310546875,
	-0.4263378977775574],
[
	28.536624908447266,
	1054.6778564453125,
	-0.42706894874572754],
[
	28.612449645996094,
	1054.6778564453125,
	-0.42706894874572754],
[
	28.68024444580078,
	1054.587890625,
	-0.4286282956600189],
[
	28.74401092529297,
	1054.5006103515625,
	-0.42802128195762634],
[
	28.805667877197266,
	1054.41064453125,
	-0.4278939664363861],
[
	28.854585647583008,
	1054.348876953125,
	-0.4259812831878662],
[
	28.904993057250977,
	1054.275146484375,
	-0.4265575706958771],
[
	28.94785499572754,
	1054.20458984375,
	-0.4275664985179901],
[
	28.993192672729492,
	1054.138916015625,
	-0.4272060990333557],
[
	29.03952980041504,
	1054.073974609375,
	-0.42589595913887024],
[
	29.077686309814453,
	1054.015625,
	-0.42581984400749207],
[
	29.113067626953125,
	1053.953369140625,
	-0.42748016119003296],
[
	29.156278610229492,
	1053.88720703125,
	-0.4267813563346863],
[
	29.195083618164062,
	1053.828125,
	-0.42617490887641907],
[
	29.235441207885742,
	1053.767822265625,
	-0.4242740571498871],
[
	29.27037811279297,
	1053.7061767578125,
	-0.4262787103652954],
[
	29.311893463134766,
	1053.631103515625,
	-0.42757362127304077],
[
	29.362104415893555,
	1053.5328369140625,
	-0.42612341046333313],
[
	29.413978576660156,
	1053.4443359375,
	-0.424115389585495],
[
	29.460981369018555,
	1053.3592529296875,
	-0.42355215549468994],
[
	29.504568099975586,
	1053.26611328125,
	-0.42642274498939514],
[
	29.557022094726562,
	1053.1480712890625,
	-0.42673203349113464],
[
	29.61978530883789,
	1053.0084228515625,
	-0.4249652326107025],
[
	29.68702507019043,
	1052.83349609375,
	-0.4265271723270416],
[
	29.74669075012207,
	1052.67333984375,
	-0.42458969354629517],
[
	29.825881958007812,
	1052.46826171875,
	-0.42156144976615906],
[
	29.87925148010254,
	1052.3294677734375,
	-0.42083168029785156],
[
	29.87925148010254,
	1052.038818359375,
	-0.41828057169914246],
[
	29.99169921875,
	1052.038818359375,
	-0.41828057169914246],
[
	30.062314987182617,
	1051.8470458984375,
	-0.41641971468925476],
[
	30.104042053222656,
	1051.7001953125,
	-0.4192841351032257],
[
	30.16905403137207,
	1051.48193359375,
	-0.41894540190696716],
[
	30.224063873291016,
	1051.306884765625,
	-0.4171735644340515],
[
	30.2850284576416,
	1051.1171875,
	-0.41300949454307556],
[
	30.327356338500977,
	1050.946533203125,
	-0.4155561029911041],
[
	30.368589401245117,
	1050.736083984375,
	-0.4178926944732666],
[
	30.41267204284668,
	1050.511962890625,
	-0.41511768102645874],
[
	30.455732345581055,
	1050.3094482421875,
	-0.4110334813594818],
[
	30.491037368774414,
	1050.130126953125,
	-0.40942832827568054],
[
	30.5278263092041,
	1049.8072509765625,
	-0.4128705859184265],
[
	30.5278263092041,
	1049.569091796875,
	-0.41021713614463806],
[
	30.561790466308594,
	1049.308837890625,
	-0.4076232314109802],
[
	30.587940216064453,
	1048.95703125,
	-0.40560880303382874],
[
	30.607627868652344,
	1048.6749267578125,
	-0.4039088785648346],
[
	30.622690200805664,
	1048.45849609375,
	-0.4027426838874817],
[
	30.64164924621582,
	1048.185302734375,
	-0.4015885591506958],
[
	30.656267166137695,
	1047.9737548828125,
	-0.40090909600257874],
[
	30.662673950195312,
	1047.8817138671875,
	-0.4006337821483612],
[
	30.662673950195312,
	1047.551025390625,
	-0.3987240791320801],
[
	30.701143264770508,
	1047.332275390625,
	-0.3948647379875183],
[
	30.698657989501953,
	1047.13232421875,
	-0.39849916100502014],
[
	30.687284469604492,
	1046.927734375,
	-0.4006330668926239],
[
	30.665035247802734,
	1046.7039794921875,
	-0.4008937478065491],
[
	30.63960838317871,
	1046.4832763671875,
	-0.3991696238517761],
[
	30.63960838317871,
	1046.2186279296875,
	-0.39808717370033264],
[
	30.58759880065918,
	1045.993896484375,
	-0.39887678623199463],
[
	30.55725860595703,
	1045.72119140625,
	-0.3997185230255127],
[
	30.533828735351562,
	1045.5107421875,
	-0.4006860852241516],
[
	30.504789352416992,
	1045.248046875,
	-0.4036322832107544],
[
	30.471027374267578,
	1044.943115234375,
	-0.40833285450935364],
[
	30.44021987915039,
	1044.665771484375,
	-0.4121365547180176],
[
	30.40418815612793,
	1044.3421630859375,
	-0.41537028551101685],
[
	30.367101669311523,
	1043.9921875,
	-0.41556355357170105],
[
	30.330514907836914,
	1043.6903076171875,
	-0.41497159004211426],
[
	30.27213478088379,
	1043.38623046875,
	-0.4248816967010498],
[
	30.214094161987305,
	1043.0545654296875,
	-0.4307870864868164],
[
	30.166345596313477,
	1042.7802734375,
	-0.43426090478897095],
[
	30.11710548400879,
	1042.5023193359375,
	-0.4386429786682129],
[
	30.065946578979492,
	1042.20068359375,
	-0.4401223957538605],
[
	30.065946578979492,
	1041.9383544921875,
	-0.44465371966362],
[
	29.950464248657227,
	1041.727783203125,
	-0.4522726833820343],
[
	29.861474990844727,
	1041.4659423828125,
	-0.45801830291748047],
[
	29.747297286987305,
	1041.1888427734375,
	-0.461725652217865],
[
	29.747297286987305,
	1040.860595703125,
	-0.4664424955844879],
[
	29.609590530395508,
	1040.860595703125,
	-0.4664424955844879],
[
	29.50572395324707,
	1040.6099853515625,
	-0.47014641761779785],
[
	29.50572395324707,
	1040.2735595703125,
	-0.4757843613624573],
[
	29.36480140686035,
	1040.2735595703125,
	-0.4757843613624573],
[
	29.239240646362305,
	1039.9757080078125,
	-0.4810653328895569],
[
	29.131502151489258,
	1039.719970703125,
	-0.4856053590774536],
[
	29.131502151489258,
	1039.4901123046875,
	-0.4897339344024658],
[
	29.03464698791504,
	1039.4901123046875,
	-0.4897339344024658],
[
	28.855356216430664,
	1039.064453125,
	-0.49760696291923523],
[
	28.735971450805664,
	1038.7811279296875,
	-0.502898097038269],
[
	28.63608741760254,
	1038.5440673828125,
	-0.5074057579040527],
[
	28.519987106323242,
	1038.268798828125,
	-0.512553334236145],
[
	28.519987106323242,
	1037.998779296875,
	-0.5177819132804871],
[
	28.406217575073242,
	1037.998779296875,
	-0.5177819132804871],
[
	28.28621482849121,
	1037.7137451171875,
	-0.5237100720405579],
[
	28.197614669799805,
	1037.49609375,
	-0.5246319770812988],
[
	28.197614669799805,
	1037.284423828125,
	-0.5294178128242493],
[
	28.098482131958008,
	1037.284423828125,
	-0.5294178128242493],
[
	27.981042861938477,
	1037.078369140625,
	-0.5380374193191528],
[
	27.869752883911133,
	1036.87939453125,
	-0.5427598357200623],
[
	27.82920265197754,
	1036.803955078125,
	-0.5441065430641174],
[
	27.66704750061035,
	1036.5067138671875,
	-0.5503159165382385],
[
	27.554771423339844,
	1036.30322265625,
	-0.5546975135803223],
[
	27.437847137451172,
	1036.091552734375,
	-0.5593764781951904],
[
	27.33275604248047,
	1035.901123046875,
	-0.5643735527992249],
[
	27.195720672607422,
	1035.6531982421875,
	-0.5709930658340454],
[
	27.04261016845703,
	1035.37548828125,
	-0.5749170780181885],
[
	26.882389068603516,
	1035.084716796875,
	-0.5762501358985901],
[
	26.739974975585938,
	1034.826416015625,
	-0.5793784260749817],
[
	26.573680877685547,
	1034.525146484375,
	-0.583701491355896],
[
	26.417678833007812,
	1034.2425537109375,
	-0.5872379541397095],
[
	26.28195571899414,
	1033.996337890625,
	-0.5901707410812378],
[
	26.12897491455078,
	1033.7191162109375,
	-0.5933687090873718],
[
	25.979473114013672,
	1033.4481201171875,
	-0.5965120792388916],
[
	25.836410522460938,
	1033.188720703125,
	-0.5994911789894104],
[
	25.694377899169922,
	1032.9312744140625,
	-0.6023433804512024],
[
	25.552867889404297,
	1032.674560546875,
	-0.6052558422088623],
[
	25.428150177001953,
	1032.448486328125,
	-0.6078271269798279],
[
	25.285846710205078,
	1032.190673828125,
	-0.6103379726409912],
[
	25.148399353027344,
	1031.94189453125,
	-0.6119865775108337],
[
	25.020706176757812,
	1031.71044921875,
	-0.6141143441200256],
[
	24.899215698242188,
	1031.4901123046875,
	-0.6160137057304382],
[
	24.759902954101562,
	1031.2376708984375,
	-0.6179510951042175],
[
	24.664714813232422,
	1031.0650634765625,
	-0.619141697883606],
[
	24.517154693603516,
	1030.797607421875,
	-0.6211351156234741],
[
	24.40357208251953,
	1030.5916748046875,
	-0.6225889325141907],
[
	24.27999496459961,
	1030.3677978515625,
	-0.6239703893661499],
[
	24.1851806640625,
	1030.1959228515625,
	-0.6249963045120239],
[
	24.047164916992188,
	1029.94580078125,
	-0.626446008682251],
[
	23.932090759277344,
	1029.737060546875,
	-0.6276024580001831],
[
	23.823421478271484,
	1029.5399169921875,
	-0.6287173628807068],
[
	23.710323333740234,
	1029.3345947265625,
	-0.6299314498901367],
[
	23.60715103149414,
	1029.1475830078125,
	-0.6310836672782898],
[
	23.500595092773438,
	1028.954345703125,
	-0.6323292255401611],
[
	23.394596099853516,
	1028.761962890625,
	-0.6342387199401855],
[
	23.288867950439453,
	1028.5703125,
	-0.6353430151939392],
[
	23.202007293701172,
	1028.4129638671875,
	-0.6362764239311218],
[
	23.088485717773438,
	1028.207275390625,
	-0.6376414895057678],
[
	22.99502944946289,
	1028.0380859375,
	-0.6388002634048462],
[
	22.88690948486328,
	1027.8421630859375,
	-0.6401678919792175],
[
	22.781784057617188,
	1027.6513671875,
	-0.6415607929229736],
[
	22.662078857421875,
	1027.4346923828125,
	-0.6431187391281128],
[
	22.570781707763672,
	1027.2646484375,
	-0.6415055990219116],
[
	22.50506591796875,
	1027.152099609375,
	-0.6419146060943604],
[
	22.4091796875,
	1027.01123046875,
	-0.6462677121162415],
[
	22.315677642822266,
	1026.8834228515625,
	-0.6487023234367371],
[
	22.200881958007812,
	1026.7369384765625,
	-0.6511080265045166],
[
	22.072288513183594,
	1026.5892333984375,
	-0.6515084505081177],
[
	21.92538070678711,
	1026.422607421875,
	-0.6528396606445312],
[
	21.811874389648438,
	1026.2891845703125,
	-0.6537226438522339],
[
	21.670875549316406,
	1026.125244140625,
	-0.6548815965652466],
[
	21.517166137695312,
	1025.9478759765625,
	-0.656719982624054],
[
	21.383358001708984,
	1025.793701171875,
	-0.6584489941596985],
[
	21.210647583007812,
	1025.5947265625,
	-0.6605827212333679],
[
	21.077938079833984,
	1025.4415283203125,
	-0.6621739864349365],
[
	20.94765853881836,
	1025.2880859375,
	-0.6600604057312012],
[
	20.846630096435547,
	1025.183837890625,
	-0.6633079051971436],
[
	20.846630096435547,
	1025.0576171875,
	-0.668574869632721],
[
	20.711811065673828,
	1025.0576171875,
	-0.668574869632721],
[
	20.546035766601562,
	1024.915771484375,
	-0.6701886653900146],
[
	20.376522064208984,
	1024.7703857421875,
	-0.6718143224716187],
[
	20.20172119140625,
	1024.61669921875,
	-0.6736782789230347],
[
	20.140560150146484,
	1024.5634765625,
	-0.6742466688156128],
[
	19.991008758544922,
	1024.433837890625,
	-0.6757564544677734],
[
	19.859664916992188,
	1024.3173828125,
	-0.6748823523521423],
[
	19.859664916992188,
	1024.2421875,
	-0.6744608879089355],
[
	19.772037506103516,
	1024.2421875,
	-0.6744608879089355],
[
	19.559547424316406,
	1024.0855712890625,
	-0.6818723082542419],
[
	19.559547424316406,
	1023.9608764648438,
	-0.6825963854789734],
[
	19.383041381835938,
	1023.9608764648438,
	-0.6825963854789734],
[
	19.23342514038086,
	1023.8646240234375,
	-0.6851258277893066],
[
	19.23342514038086,
	1023.7335205078125,
	-0.6899352669715881],
[
	19.002243041992188,
	1023.7335205078125,
	-0.6899352669715881],
[
	18.786540985107422,
	1023.6287231445312,
	-0.6920783519744873],
[
	18.50814437866211,
	1023.5159912109375,
	-0.6945801973342896],
[
	18.19973373413086,
	1023.4188842773438,
	-0.696057915687561],
[
	17.924861907958984,
	1023.3540649414062,
	-0.6990028023719788],
[
	17.767154693603516,
	1023.3236694335938,
	-0.7008691430091858],
[
	17.431114196777344,
	1023.2586669921875,
	-0.7041805386543274],
[
	17.133846282958984,
	1023.1993408203125,
	-0.7065526247024536],
[
	16.816879272460938,
	1023.1361694335938,
	-0.7085049152374268],
[
	16.51959228515625,
	1023.0782470703125,
	-0.7087290287017822],
[
	16.34210205078125,
	1023.0535278320312,
	-0.7120816111564636],
[
	15.909149169921875,
	1023.0283203125,
	-0.7227816581726074],
[
	15.59048843383789,
	1023.030029296875,
	-0.7249023914337158],
[
	15.300300598144531,
	1023.030517578125,
	-0.7276338338851929],
[
	14.984512329101562,
	1023.0277709960938,
	-0.7262668013572693],
[
	14.729103088378906,
	1023.0416259765625,
	-0.7296487092971802],
[
	14.472461700439453,
	1023.0719604492188,
	-0.7360835075378418],
[
	14.267921447753906,
	1023.0904541015625,
	-0.7378714680671692],
[
	13.998065948486328,
	1023.1143798828125,
	-0.7397037744522095],
[
	13.735969543457031,
	1023.1390991210938,
	-0.7422199249267578],
[
	13.48519515991211,
	1023.1629638671875,
	-0.7444577813148499],
[
	13.241939544677734,
	1023.1835327148438,
	-0.7436160445213318],
[
	13.032230377197266,
	1023.2091064453125,
	-0.7447609901428223],
[
	12.86336898803711,
	1023.2422485351562,
	-0.7489763498306274],
[
	12.663742065429688,
	1023.2901611328125,
	-0.751267671585083],
[
	12.48373031616211,
	1023.3418579101562,
	-0.7528866529464722],
[
	12.206317901611328,
	1023.4149169921875,
	-0.7551482319831848],
[
	12.016181945800781,
	1023.46484375,
	-0.7563923001289368],
[
	11.742446899414062,
	1023.5369873046875,
	-0.7572083473205566],
[
	11.583915710449219,
	1023.5790405273438,
	-0.7556306719779968],
[
	11.442100524902344,
	1023.6292724609375,
	-0.760015606880188],
[
	11.29384994506836,
	1023.675537109375,
	-0.7615998983383179],
[
	11.168853759765625,
	1023.7159423828125,
	-0.7594475746154785],
[
	11.046989440917969,
	1023.7488403320312,
	-0.7607386112213135],
[
	10.946979522705078,
	1023.77001953125,
	-0.7634720206260681],
[
	10.835296630859375,
	1023.7911987304688,
	-0.7644614577293396],
[
	10.717586517333984,
	1023.8165283203125,
	-0.7653038501739502],
[
	10.60409927368164,
	1023.84326171875,
	-0.7662109136581421],
[
	10.48659896850586,
	1023.8697509765625,
	-0.7670981884002686],
[
	10.371635437011719,
	1023.8953857421875,
	-0.7679281234741211],
[
	10.265632629394531,
	1023.9188842773438,
	-0.7687472105026245],
[
	10.139751434326172,
	1023.947265625,
	-0.7697395086288452],
[
	10.032169342041016,
	1023.9718017578125,
	-0.7699090242385864],
[
	9.932323455810547,
	1023.994140625,
	-0.7688378095626831],
[
	9.842506408691406,
	1024.0069580078125,
	-0.7717111110687256],
[
	9.745834350585938,
	1024.019287109375,
	-0.7729413509368896],
[
	9.663379669189453,
	1024.029541015625,
	-0.773576557636261],
[
	9.56717300415039,
	1024.045654296875,
	-0.7743815779685974],
[
	9.474540710449219,
	1024.0604248046875,
	-0.7750954627990723],
[
	9.381607055664062,
	1024.07470703125,
	-0.7757914662361145],
[
	9.283843994140625,
	1024.0902099609375,
	-0.7758456468582153],
[
	9.201496124267578,
	1024.102783203125,
	-0.7753037214279175],
[
	9.126262664794922,
	1024.108642578125,
	-0.7777060270309448],
[
	9.053550720214844,
	1024.11376953125,
	-0.7784286141395569],
[
	8.976184844970703,
	1024.117919921875,
	-0.778919517993927],
[
	8.826282501220703,
	1024.12890625,
	-0.7805086970329285],
[
	8.752792358398438,
	1024.13525390625,
	-0.7810875177383423],
[
	8.671920776367188,
	1024.1419677734375,
	-0.7817684412002563],
[
	8.590446472167969,
	1024.148681640625,
	-0.7824692726135254],
[
	8.508678436279297,
	1024.1552734375,
	-0.7831853628158569],
[
	8.428207397460938,
	1024.16162109375,
	-0.7838535904884338],
[
	8.336677551269531,
	1024.170166015625,
	-0.7834089994430542],
[
	8.27484130859375,
	1024.174072265625,
	-0.7834757566452026],
[
	8.20892333984375,
	1024.1739501953125,
	-0.7857615947723389],
[
	8.13852310180664,
	1024.177978515625,
	-0.786508321762085],
[
	8.059539794921875,
	1024.18310546875,
	-0.7869347333908081],
[
	7.987297058105469,
	1024.1873779296875,
	-0.7876189351081848],
[
	7.9107513427734375,
	1024.191650390625,
	-0.7882815599441528],
[
	7.832500457763672,
	1024.196044921875,
	-0.7889171242713928],
[
	7.767070770263672,
	1024.1998291015625,
	-0.7894622087478638],
[
	7.681552886962891,
	1024.20458984375,
	-0.790191113948822],
[
	7.602474212646484,
	1024.2088623046875,
	-0.7908741235733032],
[
	7.5208740234375,
	1024.213134765625,
	-0.7915483713150024],
[
	7.4466400146484375,
	1024.217041015625,
	-0.7921491861343384],
[
	7.350582122802734,
	1024.22265625,
	-0.7929337024688721],
[
	7.2828826904296875,
	1024.2266845703125,
	-0.7934900522232056],
[
	7.185359954833984,
	1024.232177734375,
	-0.7942937612533569],
[
	7.105754852294922,
	1024.2366943359375,
	-0.7949488759040833],
[
	7.018138885498047,
	1024.2415771484375,
	-0.7956686615943909],
[
	6.9252471923828125,
	1024.246826171875,
	-0.7964017391204834],
[
	6.834133148193359,
	1024.251708984375,
	-0.7969684600830078],
[
	6.757038116455078,
	1024.2559814453125,
	-0.7974041700363159],
[
	6.666318893432617,
	1024.2608642578125,
	-0.7979460954666138],
[
	6.56812858581543,
	1024.26611328125,
	-0.7985442876815796],
[
	6.387140274047852,
	1024.275634765625,
	-0.7996405959129333],
[
	6.28907585144043,
	1024.28076171875,
	-0.8002344369888306],
[
	6.1944122314453125,
	1024.2861328125,
	-0.8008074164390564],
[
	6.108005523681641,
	1024.2911376953125,
	-0.8013343811035156],
[
	6.01121711730957,
	1024.2967529296875,
	-0.8020031452178955],
[
	5.9120025634765625,
	1024.3023681640625,
	-0.8026811480522156],
[
	5.810546875,
	1024.30810546875,
	-0.8033650517463684],
[
	5.711381912231445,
	1024.3135986328125,
	-0.8041031360626221],
[
	5.6244659423828125,
	1024.318603515625,
	-0.8047630786895752],
[
	5.5248260498046875,
	1024.323974609375,
	-0.8054975271224976],
[
	5.423274993896484,
	1024.32958984375,
	-0.8062376976013184],
[
	5.304588317871094,
	1024.3359375,
	-0.8069944381713867]
