[
	-10.795557022094727,
	1055.9217529296875,
	-0.3426778316497803],
[
	-10.771085739135742,
	1055.9871826171875,
	-0.3421013653278351],
[
	-10.736520767211914,
	1056.0369873046875,
	-0.34167176485061646],
[
	-10.707473754882812,
	1056.09375,
	-0.34118199348449707],
[
	-10.676671981811523,
	1056.1536865234375,
	-0.3406568765640259],
[
	-10.64784049987793,
	1056.2099609375,
	-0.340171754360199],
[
	-10.617441177368164,
	1056.26904296875,
	-0.33975183963775635],
[
	-10.589279174804688,
	1056.3240966796875,
	-0.3400784730911255],
[
	-10.564826965332031,
	1056.3828125,
	-0.34081894159317017],
[
	-10.53660774230957,
	1056.4554443359375,
	-0.34141212701797485],
[
	-10.495664596557617,
	1056.5052490234375,
	-0.3407142460346222],
[
	-10.460100173950195,
	1056.5736083984375,
	-0.3390202224254608],
[
	-10.425052642822266,
	1056.64111328125,
	-0.33853328227996826],
[
	-10.391084671020508,
	1056.706787109375,
	-0.33889421820640564],
[
	-10.354618072509766,
	1056.777099609375,
	-0.33934396505355835],
[
	-10.313825607299805,
	1056.8558349609375,
	-0.3393611013889313],
[
	-10.284164428710938,
	1056.913330078125,
	-0.33903902769088745],
[
	-10.227682113647461,
	1057.0223388671875,
	-0.33801957964897156],
[
	-10.19294548034668,
	1057.0894775390625,
	-0.3373282253742218],
[
	-10.152935028076172,
	1057.1666259765625,
	-0.33654454350471497],
[
	-10.119665145874023,
	1057.2310791015625,
	-0.3358764350414276],
[
	-10.057943344116211,
	1057.3504638671875,
	-0.3338932394981384],
[
	-10.028791427612305,
	1057.406982421875,
	-0.33273404836654663],
[
	-9.985898971557617,
	1057.489990234375,
	-0.3311220109462738],
[
	-9.94879150390625,
	1057.561767578125,
	-0.32996419072151184],
[
	-9.906085968017578,
	1057.6444091796875,
	-0.3289450407028198],
[
	-9.865808486938477,
	1057.722412109375,
	-0.3282328248023987],
[
	-9.806028366088867,
	1057.838134765625,
	-0.32758110761642456],
[
	-9.756488800048828,
	1057.933837890625,
	-0.3271663188934326],
[
	-9.71269416809082,
	1058.0185546875,
	-0.326762855052948],
[
	-9.672382354736328,
	1058.0965576171875,
	-0.32621487975120544],
[
	-9.633825302124023,
	1058.171142578125,
	-0.3255332112312317],
[
	-9.596452713012695,
	1058.2435302734375,
	-0.324859082698822],
[
	-9.553962707519531,
	1058.325927734375,
	-0.32418984174728394],
[
	-9.524072647094727,
	1058.3837890625,
	-0.32377466559410095],
[
	-9.459274291992188,
	1058.509521484375,
	-0.3230823576450348],
[
	-9.413053512573242,
	1058.598876953125,
	-0.3227609694004059],
[
	-9.365785598754883,
	1058.6904296875,
	-0.32225480675697327],
[
	-9.319400787353516,
	1058.7802734375,
	-0.32133156061172485],
[
	-9.250463485717773,
	1058.9136962890625,
	-0.3190523386001587],
[
	-9.213409423828125,
	1058.9854736328125,
	-0.3173757493495941],
[
	-9.161386489868164,
	1059.086181640625,
	-0.3148350417613983],
[
	-9.09184455871582,
	1059.2208251953125,
	-0.3118034303188324],
[
	-9.061948776245117,
	1059.27880859375,
	-0.310732364654541],
[
	-9.0145263671875,
	1059.37060546875,
	-0.309296190738678],
[
	-8.966167449951172,
	1059.46435546875,
	-0.3080521821975708],
[
	-8.926143646240234,
	1059.5418701171875,
	-0.3071662187576294],
[
	-8.858160018920898,
	1059.6737060546875,
	-0.30579110980033875],
[
	-8.830209732055664,
	1059.727783203125,
	-0.305223673582077],
[
	-8.785882949829102,
	1059.813720703125,
	-0.30428969860076904],
[
	-8.756633758544922,
	1059.870361328125,
	-0.3036523461341858],
[
	-8.709877014160156,
	1059.9608154296875,
	-0.3026491701602936],
[
	-8.659242630004883,
	1060.058837890625,
	-0.3016214966773987],
[
	-8.627071380615234,
	1060.121337890625,
	-0.30099010467529297],
[
	-8.599863052368164,
	1060.2239990234375,
	-0.2999730408191681],
[
	-8.504013061523438,
	1060.3597412109375,
	-0.29865843057632446],
[
	-8.458539962768555,
	1060.448974609375,
	-0.2971336841583252],
[
	-8.419916152954102,
	1060.527099609375,
	-0.2950235605239868],
[
	-8.376659393310547,
	1060.612060546875,
	-0.29272234439849854],
[
	-8.346851348876953,
	1060.66845703125,
	-0.2916397452354431],
[
	-8.30624008178711,
	1060.7418212890625,
	-0.29122281074523926],
[
	-8.180538177490234,
	1060.947509765625,
	-0.2937852144241333],
[
	-8.053112030029297,
	1061.1314697265625,
	-0.2946714460849762],
[
	-8.011085510253906,
	1061.1871337890625,
	-0.29453590512275696],
[
	-7.974119186401367,
	1061.2354736328125,
	-0.29426804184913635],
[
	-7.910491943359375,
	1061.3173828125,
	-0.29357242584228516],
[
	-7.846607208251953,
	1061.399169921875,
	-0.292601615190506],
[
	-7.809057235717773,
	1061.447021484375,
	-0.2918946146965027],
[
	-7.743595123291016,
	1061.5302734375,
	-0.2904066741466522],
[
	-7.668796539306641,
	1061.625244140625,
	-0.28887370228767395],
[
	-7.613994598388672,
	1061.69482421875,
	-0.28799617290496826],
[
	-7.509006500244141,
	1061.828369140625,
	-0.2861766219139099],
[
	-7.436197280883789,
	1061.9205322265625,
	-0.28428927063941956],
[
	-7.367626190185547,
	1062.0045166015625,
	-0.281802773475647],
[
	-7.299015045166016,
	1062.090087890625,
	-0.2794458568096161],
[
	-7.299015045166016,
	1062.20654296875,
	-0.2773902416229248],
[
	-7.209711074829102,
	1062.20654296875,
	-0.2773902416229248],
[
	-7.165763854980469,
	1062.2669677734375,
	-0.27708980441093445],
[
	-7.116798400878906,
	1062.338134765625,
	-0.2776466906070709],
[
	-7.0412750244140625,
	1062.4591064453125,
	-0.28007540106773376],
[
	-6.993215560913086,
	1062.53759765625,
	-0.28130629658699036],
[
	-6.96485710144043,
	1062.65966796875,
	-0.28185394406318665],
[
	-6.897296905517578,
	1062.688232421875,
	-0.28178006410598755],
[
	-6.8275146484375,
	1062.794677734375,
	-0.28102535009384155],
[
	-6.772258758544922,
	1062.87890625,
	-0.28028160333633423],
[
	-6.726047515869141,
	1062.9495849609375,
	-0.2797314524650574],
[
	-6.673986434936523,
	1063.0296630859375,
	-0.27924931049346924],
[
	-6.5937042236328125,
	1063.1536865234375,
	-0.2789422571659088],
[
	-6.557573318481445,
	1063.2095947265625,
	-0.278916597366333],
[
	-6.508310317993164,
	1063.285888671875,
	-0.27889785170555115],
[
	-6.453676223754883,
	1063.3704833984375,
	-0.27881091833114624],
[
	-6.405481338500977,
	1063.445068359375,
	-0.27866092324256897],
[
	-6.357475280761719,
	1063.5194091796875,
	-0.27845701575279236],
[
	-6.334848403930664,
	1063.634521484375,
	-0.27809563279151917],
[
	-6.270273208618164,
	1063.654541015625,
	-0.27803248167037964],
[
	-6.200044631958008,
	1063.763427734375,
	-0.2777702808380127],
[
	-6.145811080932617,
	1063.8472900390625,
	-0.27764827013015747],
[
	-6.099514007568359,
	1063.9189453125,
	-0.2775808572769165],
[
	-6.055276870727539,
	1063.9873046875,
	-0.27744680643081665],
[
	-5.977807998657227,
	1064.1072998046875,
	-0.277021586894989],
[
	-5.939205169677734,
	1064.1669921875,
	-0.2767694592475891],
[
	-5.894664764404297,
	1064.236083984375,
	-0.27647504210472107],
[
	-5.825504302978516,
	1064.3433837890625,
	-0.2761710584163666],
[
	-5.775117874145508,
	1064.42138671875,
	-0.2761983871459961],
[
	-5.730625152587891,
	1064.490234375,
	-0.27632957696914673],
[
	-5.65997314453125,
	1064.5994873046875,
	-0.27665311098098755],
[
	-5.600070953369141,
	1064.692138671875,
	-0.27707570791244507],
[
	-5.528888702392578,
	1064.802490234375,
	-0.27785366773605347],
[
	-5.47337532043457,
	1064.8883056640625,
	-0.2786298990249634],
[
	-5.447126388549805,
	1064.972412109375,
	-0.27924567461013794],
[
	-5.365762710571289,
	1065.05517578125,
	-0.2794815003871918],
[
	-5.321254730224609,
	1065.1241455078125,
	-0.2794109880924225],
[
	-5.263879776000977,
	1065.2130126953125,
	-0.2790665030479431],
[
	-5.204517364501953,
	1065.304931640625,
	-0.2785603404045105],
[
	-5.171903610229492,
	1065.3553466796875,
	-0.2781562805175781],
[
	-5.088493347167969,
	1065.486083984375,
	-0.27568280696868896],
[
	-4.999408721923828,
	1065.626708984375,
	-0.27202725410461426],
[
	-4.961505889892578,
	1065.6844482421875,
	-0.2709580063819885],
[
	-4.904729843139648,
	1065.767822265625,
	-0.2701721489429474],
[
	-4.828845977783203,
	1065.87158203125,
	-0.2707744240760803],
[
	-4.795694351196289,
	1065.94775390625,
	-0.27215853333473206],
[
	-4.742000579833984,
	1065.9801025390625,
	-0.2730236053466797],
[
	-4.632997512817383,
	1066.1048583984375,
	-0.276028573513031],
[
	-4.592489242553711,
	1066.15185546875,
	-0.27666038274765015],
[
	-4.528430938720703,
	1066.2276611328125,
	-0.2771056890487671],
[
	-4.447854995727539,
	1066.3251953125,
	-0.27707698941230774],
[
	-4.386865615844727,
	1066.399658203125,
	-0.27706965804100037],
[
	-4.283452987670898,
	1066.525146484375,
	-0.2774098813533783],
[
	-4.243366241455078,
	1066.573486328125,
	-0.27764463424682617],
[
	-4.210132598876953,
	1066.647216796875,
	-0.27781909704208374],
[
	-4.157020568847656,
	1066.67822265625,
	-0.2774602472782135],
[
	-4.102476119995117,
	1066.746337890625,
	-0.2761262357234955],
[
	-4.054660797119141,
	1066.80419921875,
	-0.2752671539783478],
[
	-3.982257843017578,
	1066.8870849609375,
	-0.27562215924263],
[
	-3.8947620391845703,
	1066.978759765625,
	-0.27850350737571716],
[
	-3.8353004455566406,
	1067.0374755859375,
	-0.28065603971481323],
[
	-3.7771873474121094,
	1067.09326171875,
	-0.28227800130844116],
[
	-3.6912269592285156,
	1067.1728515625,
	-0.28365659713745117],
[
	-3.6017284393310547,
	1067.251708984375,
	-0.2843680679798126],
[
	-3.5159645080566406,
	1067.3221435546875,
	-0.2843901515007019],
[
	-3.442554473876953,
	1067.37939453125,
	-0.2843889892101288],
[
	-3.3706398010253906,
	1067.431884765625,
	-0.28475332260131836],
[
	-3.286794662475586,
	1067.4915771484375,
	-0.2854571044445038],
[
	-3.1746044158935547,
	1067.5712890625,
	-0.28658103942871094],
[
	-3.1185054779052734,
	1067.611572265625,
	-0.28715717792510986],
[
	-3.0433387756347656,
	1067.666259765625,
	-0.28787365555763245],
[
	-2.962678909301758,
	1067.725341796875,
	-0.28853803873062134],
[
	-2.917400360107422,
	1067.783935546875,
	-0.28912854194641113],
[
	-2.844633102416992,
	1067.8121337890625,
	-0.2894110381603241],
[
	-2.7702255249023438,
	1067.8665771484375,
	-0.2898082137107849],
[
	-2.695178985595703,
	1067.9227294921875,
	-0.28914332389831543],
[
	-2.644756317138672,
	1067.96044921875,
	-0.28857484459877014],
[
	-2.569723129272461,
	1068.014892578125,
	-0.28832098841667175],
[
	-2.4659652709960938,
	1068.0859375,
	-0.28986456990242004],
[
	-2.395350456237793,
	1068.1314697265625,
	-0.29178863763809204],
[
	-2.3166542053222656,
	1068.1796875,
	-0.2942245602607727],
[
	-2.1996593475341797,
	1068.2471923828125,
	-0.2972258925437927],
[
	-2.1390647888183594,
	1068.2801513671875,
	-0.29820799827575684],
[
	-2.050076484680176,
	1068.3251953125,
	-0.2991400361061096],
[
	-1.9687137603759766,
	1068.3643798828125,
	-0.29955726861953735],
[
	-1.8774604797363281,
	1068.4085693359375,
	-0.29943937063217163],
[
	-1.7934188842773438,
	1068.4521484375,
	-0.29846641421318054],
[
	-1.706507682800293,
	1068.4957275390625,
	-0.2974761724472046],
[
	-1.6514873504638672,
	1068.521484375,
	-0.2971944212913513],
[
	-1.5679569244384766,
	1068.557861328125,
	-0.2974224090576172],
[
	-1.4857368469238281,
	1068.5902099609375,
	-0.2983971834182739],
[
	-1.4042110443115234,
	1068.6197509765625,
	-0.2997617721557617],
[
	-1.2865142822265625,
	1068.6585693359375,
	-0.30177760124206543],
[
	-1.2023601531982422,
	1068.68408203125,
	-0.3029402494430542],
[
	-1.0986833572387695,
	1068.7130126953125,
	-0.3039937913417816],
[
	-1.0201339721679688,
	1068.7335205078125,
	-0.3048505187034607],
[
	-0.9474601745605469,
	1068.750244140625,
	-0.3057214021682739],
[
	-0.8579463958740234,
	1068.7705078125,
	-0.30678629875183105],
[
	-0.7767829895019531,
	1068.7894287109375,
	-0.30761468410491943],
[
	-0.6741571426391602,
	1068.8177490234375,
	-0.3069506883621216],
[
	-0.5838842391967773,
	1068.8416748046875,
	-0.30643314123153687],
[
	-0.48029041290283203,
	1068.86474609375,
	-0.30748844146728516],
[
	-0.40122318267822266,
	1068.8790283203125,
	-0.3094121515750885],
[
	-0.32983970642089844,
	1068.890380859375,
	-0.3113867938518524],
[
	-0.24821090698242188,
	1068.9017333984375,
	-0.31344369053840637],
[
	-0.10955142974853516,
	1068.9178466796875,
	-0.31569257378578186],
[
	-0.022840499877929688,
	1068.9256591796875,
	-0.3166171908378601],
[
	0.06716156005859375,
	1068.930908203125,
	-0.3172753155231476],
[
	0.15117835998535156,
	1068.935302734375,
	-0.31762126088142395],
[
	0.3001976013183594,
	1068.94287109375,
	-0.3180514872074127],
[
	0.36779022216796875,
	1068.94677734375,
	-0.3179943561553955],
[
	0.45464324951171875,
	1068.9539794921875,
	-0.3170153796672821],
[
	0.5345325469970703,
	1068.9600830078125,
	-0.3160211741924286],
[
	0.62139892578125,
	1068.964599609375,
	-0.31566381454467773],
[
	0.7067975997924805,
	1068.96630859375,
	-0.31650176644325256],
[
	0.8205404281616211,
	1068.9642333984375,
	-0.3192163109779358],
[
	0.9190282821655273,
	1068.95947265625,
	-0.3219407796859741],
[
	1.0044221878051758,
	1068.953857421875,
	-0.3241755962371826],
[
	1.0914011001586914,
	1068.945556640625,
	-0.32599571347236633],
[
	1.187403678894043,
	1068.93603515625,
	-0.32708537578582764],
[
	1.279505729675293,
	1068.927001953125,
	-0.3275422155857086],
[
	1.377568244934082,
	1068.91748046875,
	-0.3279384970664978],
[
	1.4949464797973633,
	1068.90625,
	-0.3292106091976166],
[
	1.6065397262573242,
	1068.8956298828125,
	-0.3309025168418884],
[
	1.711106300354004,
	1068.88623046875,
	-0.3316265344619751],
[
	1.816141128540039,
	1068.877685546875,
	-0.3313601016998291],
[
	1.9315061569213867,
	1068.866455078125,
	-0.3307937681674957],
[
	2.0818824768066406,
	1068.848876953125,
	-0.3308315873146057],
[
	2.153569221496582,
	1068.8388671875,
	-0.33126863837242126],
[
	2.212961196899414,
	1068.829833984375,
	-0.33177006244659424],
[
	2.3308210372924805,
	1068.8092041015625,
	-0.3328878879547119],
[
	2.435962677001953,
	1068.7874755859375,
	-0.3343600630760193],
[
	2.496455192565918,
	1068.773193359375,
	-0.3353087306022644],
[
	2.602113723754883,
	1068.7464599609375,
	-0.33680281043052673],
[
	2.723200798034668,
	1068.7152099609375,
	-0.3380172848701477],
[
	2.804323196411133,
	1068.694091796875,
	-0.3385290801525116],
[
	2.9213619232177734,
	1068.663818359375,
	-0.33864736557006836],
[
	2.9855546951293945,
	1068.6473388671875,
	-0.3386383056640625],
[
	3.048182487487793,
	1068.63134765625,
	-0.3388928771018982],
[
	3.1689538955688477,
	1068.60205078125,
	-0.338270902633667],
[
	3.275303840637207,
	1068.57666015625,
	-0.3374231457710266],
[
	3.339341163635254,
	1068.560546875,
	-0.3369337022304535],
[
	3.445657730102539,
	1068.5322265625,
	-0.33638298511505127],
[
	3.522611618041992,
	1068.5101318359375,
	-0.33630770444869995],
[
	3.619168281555176,
	1068.4801025390625,
	-0.33673200011253357],
[
	3.714991569519043,
	1068.447265625,
	-0.3377879559993744],
[
	3.817337989807129,
	1068.408203125,
	-0.3401625454425812],
[
	3.908522605895996,
	1068.370361328125,
	-0.34241166710853577],
[
	4.0485992431640625,
	1068.313232421875,
	-0.34493374824523926],
[
	4.107362747192383,
	1068.2899169921875,
	-0.3455468416213989],
[
	4.167963981628418,
	1068.2662353515625,
	-0.3459513187408447],
[
	4.257256507873535,
	1068.23193359375,
	-0.3462721109390259],
[
	4.358443260192871,
	1068.1932373046875,
	-0.3464905619621277],
[
	4.455163955688477,
	1068.15625,
	-0.3467426896095276],
[
	4.552992820739746,
	1068.118408203125,
	-0.34714972972869873],
[
	4.649106979370117,
	1068.0810546875,
	-0.3476920425891876],
[
	4.7133283615112305,
	1068.0560302734375,
	-0.34810835123062134],
[
	4.810849189758301,
	1068.0179443359375,
	-0.34877878427505493],
[
	4.907623291015625,
	1067.9801025390625,
	-0.34944647550582886],
[
	5.044041633605957,
	1067.9267578125,
	-0.3503342270851135],
[
	5.141025543212891,
	1067.888671875,
	-0.3509264290332794],
[
	5.271500587463379,
	1067.837646484375,
	-0.3516935706138611],
[
	5.333576202392578,
	1067.8133544921875,
	-0.35205963253974915],
[
	5.4345855712890625,
	1067.77392578125,
	-0.3524508774280548],
[
	5.557948112487793,
	1067.7279052734375,
	-0.3512272238731384],
[
	5.6451215744018555,
	1067.6943359375,
	-0.35021471977233887],
[
	5.782434463500977,
	1067.636962890625,
	-0.35027816891670227],
[
	5.867622375488281,
	1067.596923828125,
	-0.35170477628707886],
[
	5.935361862182617,
	1067.5626220703125,
	-0.3535814583301544],
[
	5.998852729797363,
	1067.52783203125,
	-0.3554174602031708],
[
	6.068384170532227,
	1067.489990234375,
	-0.3569536805152893],
[
	6.173791885375977,
	1067.435302734375,
	-0.3581637740135193],
[
	6.288527488708496,
	1067.3782958984375,
	-0.35849639773368835],
[
	6.359674453735352,
	1067.3431396484375,
	-0.35862067341804504],
[
	6.429287910461426,
	1067.3084716796875,
	-0.35883820056915283],
[
	6.523636817932129,
	1067.262451171875,
	-0.3579457998275757],
[
	6.583916664123535,
	1067.2333984375,
	-0.35674965381622314],
[
	6.651577949523926,
	1067.1988525390625,
	-0.35607242584228516],
[
	6.727189064025879,
	1067.1568603515625,
	-0.3569466173648834],
[
	6.778878211975098,
	1067.12548828125,
	-0.35844558477401733],
[
	6.898063659667969,
	1067.0482177734375,
	-0.3618749976158142],
[
	6.954991340637207,
	1067.013671875,
	-0.361603319644928],
[
	7.023436546325684,
	1066.9744873046875,
	-0.3538408875465393],
[
	7.076669692993164,
	1066.944580078125,
	-0.36302220821380615],
[
	7.130147933959961,
	1066.91259765625,
	-0.36314791440963745],
[
	7.182035446166992,
	1066.8814697265625,
	-0.36338910460472107],
[
	7.238254547119141,
	1066.84765625,
	-0.363686203956604],
